name: numpy-panda-pytorch-tutorials
channels:
  - conda-forge
  - defaults
dependencies:
  - black=22.6.0=pyhd8ed1ab_0
  - bzip2=1.0.8=h8ffe710_4
  - ca-certificates=2022.6.15=h5b45459_0
  - cffi=1.15.1=py39h0878f49_0
  - cfgv=3.3.1=pyhd8ed1ab_0
  - click=8.1.3=py39hcbf5309_0
  - colorama=0.4.5=pyhd8ed1ab_0
  - dataclasses=0.8=pyhc8e2a94_3
  - distlib=0.3.4=pyhd8ed1ab_0
  - filelock=3.7.1=pyhd8ed1ab_0
  - flake8=4.0.1=pyhd8ed1ab_2
  - identify=2.5.1=pyhd8ed1ab_0
  - importlib-metadata=4.11.4=py39hcbf5309_0
  - libcst=0.4.6=py39he61d37a_0
  - libffi=3.4.2=h8ffe710_5
  - libzlib=1.2.12=h8ffe710_1
  - mccabe=0.6.1=py_1
  - monkeytype=22.2.0=pyh191b570_0
  - mypy=0.961=py39hb82d6ee_0
  - mypy_extensions=0.4.3=py39hcbf5309_5
  - nodeenv=1.7.0=pyhd8ed1ab_0
  - openssl=3.0.5=h8ffe710_0
  - pathspec=0.9.0=pyhd8ed1ab_0
  - pip=22.1.2=pyhd8ed1ab_0
  - platformdirs=2.5.1=pyhd8ed1ab_0
  - pre-commit=2.19.0=py39hcbf5309_0
  - psutil=5.9.1=py39hb82d6ee_0
  - pycodestyle=2.8.0=pyhd8ed1ab_0
  - pycparser=2.21=pyhd8ed1ab_0
  - pyflakes=2.4.0=pyhd8ed1ab_0
  - python=3.9.13=hcf16a7b_0_cpython
  - python_abi=3.9=2_cp39
  - pyyaml=6.0=py39hb82d6ee_4
  - setuptools=63.1.0=py39hcbf5309_0
  - six=1.16.0=pyh6c4a22f_0
  - sqlite=3.39.0=h8ffe710_0
  - tk=8.6.12=h8ffe710_0
  - toml=0.10.2=pyhd8ed1ab_0
  - tomli=2.0.1=pyhd8ed1ab_0
  - typed-ast=1.5.4=py39hb82d6ee_0
  - typing_extensions=4.3.0=pyha770c72_0
  - typing_inspect=0.7.1=pyh6c4a22f_0
  - tzdata=2022a=h191b570_0
  - ucrt=10.0.20348.0=h57928b3_0
  - ukkonen=1.0.1=py39h2e07f2f_2
  - vc=14.2=hb210afc_6
  - virtualenv=20.15.1=py39hcbf5309_0
  - vs2015_runtime=14.29.30037=h902a5da_6
  - wheel=0.37.1=pyhd8ed1ab_0
  - xz=5.2.5=h62dcd97_1
  - yaml=0.2.5=h8ffe710_2
  - zipp=3.8.0=pyhd8ed1ab_0
